node_num        1-Persistant               non-Persistant              p-Persistant(p=1/n)
1                586, (1692)                1693, (350)                    1216, (342)
2                 87, (5891)                1024, (230)                    671,  (237)
3                 41, (8216)                716, (259)                     429.  (254)
4                 23, (11150)                568, (234)                     323, (276)

####################################################
RANDOM_DELAY = 500
SLOT_TIME=500


###################################################

node_num=3




